20150305,616.8000,622.0000,603.5000,613.0000,6914100
20150306,616.8000,616.8000,616.8000,616.8000,0
20150309,591.6000,610.0000,589.1500,610.0000,6043300
20150310,585.4500,594.8000,580.0000,591.9000,5791800
20150311,583.8500,592.7000,580.0000,585.2500,5816300
20150312,584.1000,593.5000,582.7000,587.5000,4512000
20150313,570.0000,590.9500,564.1000,589.5000,6749100
20150316,568.6000,573.8000,559.1000,569.5000,6445200
20150317,580.1000,585.8000,567.0500,574.9000,5627500
20150318,581.2500,585.8000,575.7500,584.2500,5847600
20150319,563.5500,595.5500,558.5000,588.0000,7705200
20150320,556.2500,564.0000,551.7000,563.0000,8160600
20150323,555.2000,562.0000,552.6500,559.9000,4191400
20150324,558.0500,566.0000,551.2500,553.9500,6309400
20150325,562.2000,567.1500,553.9000,559.8500,5578500
20150326,544.3000,561.4500,537.5000,560.0000,9233000
20150327,546.4000,551.2500,526.1000,548.0000,10655500
20150330,563.5500,565.4500,549.3500,552.5000,6631500
20150331,560.2000,573.5000,557.2500,567.9000,5970800
20150401,569.6500,572.0000,555.2500,557.7000,3753200
20150402,569.6500,569.6500,569.6500,569.6500,0
20150403,569.6500,569.6500,569.6500,569.6500,0
20150406,569.0500,571.9500,562.1000,571.9500,4305200
20150407,557.8500,573.0000,555.0000,571.0000,6754300
20150408,555.9000,564.0000,551.1000,561.8000,5750700
20150409,572.1500,577.0000,555.1000,560.0000,9653100
20150410,568.0500,574.8000,565.4000,573.4000,4938600
20150413,566.0000,571.6500,562.0000,570.0000,4596200
20150414,566.0000,566.0000,566.0000,566.0000,0
20150415,550.2000,573.5000,541.3500,566.9000,8869400
20150416,550.8000,556.4000,543.0500,552.0000,7288700
20150417,533.7000,550.3500,531.8000,550.0000,6618100
20150420,518.2500,538.2500,507.0000,534.1000,7836600
20150421,523.2000,532.7000,516.5500,518.2500,7204400
20150422,540.1000,545.0000,520.3000,526.9500,6947500
20150423,538.2000,548.7000,535.5500,543.2500,5464100
20150424,527.2500,538.2500,519.9000,538.0000,6533200
20150427,524.2000,540.7500,522.3500,529.4000,7839000
20150428,535.0000,539.4500,519.1000,523.9000,6322600
20150429,551.9500,559.9000,535.2500,535.9000,9301400
20150430,567.8000,582.4000,559.0000,563.3000,15658600
20150501,567.8000,567.8000,567.8000,567.8000,0
20150504,568.3500,576.0000,562.8000,571.4000,4309900
20150505,565.8500,574.2500,562.5000,569.0000,5385600
20150506,543.3000,565.9000,541.2000,564.0500,7698900
20150507,527.3500,544.8000,523.3000,539.6500,5848600
20150508,540.8000,548.0000,533.5000,535.7500,10010900
20150511,551.1000,552.0000,543.1000,545.5000,6700000
20150512,532.3500,553.9000,529.9000,553.0000,4943400
20150513,558.5000,564.2000,535.2000,538.0000,7971600
20150514,555.8500,558.8000,547.5000,557.4000,4929200
20150515,562.0500,567.3000,557.0000,558.5000,5825400
20150518,567.5000,569.8500,558.6500,563.3000,3944700
20150519,561.4500,570.9000,558.6000,566.0000,6047800
20150520,558.2500,566.8500,556.5000,562.7500,4763200
20150521,570.4500,572.0000,560.0000,560.0000,6157800
20150522,568.6500,576.6500,563.7500,571.3000,4265300
20150525,562.1000,569.7500,560.2000,568.1000,3426300
20150526,564.2500,566.8000,558.2000,563.0000,2475400
20150527,577.8000,579.5000,561.2500,562.0000,4120700
20150528,574.6500,585.8000,570.4000,578.9500,8272400
20150529,585.4000,587.3000,574.7000,575.5000,3421700
20150601,578.4500,588.9000,577.1000,586.9000,3142400
20150602,553.1000,582.4000,548.4000,582.0000,6978200
20150603,550.9000,554.0000,538.5500,553.2500,5114100
20150604,556.4000,560.0000,546.0000,560.0000,7432400
20150605,548.4000,557.2500,546.0500,556.0000,7028700
20150608,553.6000,557.5000,544.0000,547.0000,6286200
20150609,558.7000,564.0000,550.4500,552.0500,5252600
20150610,564.5000,567.7000,558.8500,558.9000,7919400
20150611,546.7500,570.2000,545.0500,567.9000,7608300
20150612,551.4500,552.5000,540.8000,547.0000,5518600
20150615,550.0500,555.0000,545.3500,553.9000,5896200
20150616,551.1500,553.9500,540.0500,550.0000,6283100
20150617,549.2500,557.4000,547.6000,553.1000,4522300
20150618,550.0500,554.8000,547.4000,551.7000,5579400
20150619,551.5500,555.4000,548.2500,554.0000,6783500
20150622,572.1500,575.9000,556.5500,556.5500,7325100
20150623,571.3000,579.5000,566.3000,575.6000,6608400
20150624,571.5000,577.4000,567.2000,572.0000,5427900
20150625,570.0500,577.9000,567.0500,568.1000,5953100
20150626,565.5000,569.7000,560.0000,568.1000,4432400
20150629,562.7000,567.3000,546.0000,554.0000,5390100
20150630,558.9500,566.0000,553.0000,561.0500,5479800
20150701,578.6500,580.5000,556.8500,558.8000,7663100
20150702,584.0000,586.6500,576.1000,580.1000,9886400
20150703,585.9500,588.5000,581.0000,581.8500,4422400
20150706,584.2000,585.8000,573.5000,575.5000,4973900
20150707,586.2000,590.7500,581.3500,585.3000,4969500
20150708,576.6500,585.0000,574.9000,578.0000,6414100
20150709,571.7000,577.4000,566.4000,575.8500,3602400
20150710,578.1000,583.0000,570.8000,574.2000,6853700
20150713,581.9500,583.4500,570.1500,578.1000,5161100
20150714,583.9000,587.6500,578.9000,582.6000,4566600
20150715,584.0000,589.4500,581.5000,584.5500,3307700
20150716,608.6500,613.4500,587.0000,587.4000,14142800
20150717,602.1000,609.9000,598.5000,604.5000,5847800
20150720,599.9000,603.4000,590.3000,600.0000,4688300
20150721,584.6500,601.0000,582.7500,596.6000,4375900
20150722,589.8500,593.5000,579.0000,582.8500,5900100
20150723,583.7500,598.5500,581.4000,590.0000,5569200
20150724,580.4500,593.7500,575.1000,587.6500,13673400
20150727,555.8000,579.4500,553.7500,577.5000,9829000
20150728,561.2500,564.0000,550.4500,558.6000,8129200
20150729,567.2000,568.1500,562.0000,563.3000,4635300
20150730,565.7000,575.7500,563.1000,571.4000,6484700
20150731,573.5000,579.3000,567.0000,567.7000,6283500
20150803,576.7000,582.7000,573.4000,576.0000,4355500
20150804,580.1000,584.4500,571.6500,578.9000,5903900
20150805,580.4000,589.5000,576.5000,582.0000,3419200
20150806,584.7500,586.5000,578.9500,580.0000,3125900
20150807,580.3000,584.9000,576.0000,584.9000,2298500
20150810,575.9000,584.7000,570.7500,582.7500,2402500
20150811,571.2500,580.8500,566.3500,577.7000,3168600
20150812,557.8500,569.8000,556.0000,569.4000,4787000
20150813,567.5500,571.4500,560.0000,563.5000,5982700
20150814,570.0000,574.2500,554.8500,565.1500,7528900
20150817,561.4000,571.7500,560.0500,569.7500,4466100
20150818,561.3500,567.2500,555.5000,567.0000,2952400
20150819,554.0000,561.7500,552.8000,560.9000,4135000
20150820,533.4000,553.0000,529.5000,550.0000,8909700
20150821,525.3000,528.9000,514.3000,527.0000,10454700
20150824,482.0500,506.7000,475.1000,506.7000,17627700
20150825,502.9500,506.2500,483.5000,489.0000,14248900
20150826,495.6000,501.9000,488.6500,499.5000,6910500
20150827,509.2500,512.0000,496.4500,505.7000,11302600
20150828,508.1500,528.9000,502.2500,516.0000,10015300
20150831,507.7500,517.9000,502.0000,506.7000,6111800
20150901,480.1000,501.0000,477.1500,500.0000,8843500
20150902,466.6000,488.0000,464.6000,483.0500,11537400
20150903,486.9000,489.5000,468.7500,471.0000,8651400
20150904,468.0000,483.4000,462.5000,483.1000,8969600
20150907,449.8500,472.2000,446.7500,469.6500,9743600
20150908,473.9000,475.6000,450.0000,452.2500,12602400
20150909,486.2500,495.0000,475.1000,484.2000,11672400
20150910,482.6000,487.0000,472.1000,477.8000,8384300
20150911,481.2500,493.7000,474.6000,488.0000,7212100
20150914,496.2000,498.0000,479.2500,480.0000,5537300
20150915,482.7500,498.5000,480.8500,497.1000,9567400
20150916,494.2500,497.0000,486.0000,487.4500,7293500
20150917,494.2500,494.2500,494.2500,494.2500,0
20150918,517.4500,520.4000,500.0000,500.0000,18814200
20150921,528.0000,530.0000,508.7500,510.5500,7516000
20150922,509.7000,534.7000,505.2000,531.0000,7358400
20150923,511.7000,514.8500,497.1000,498.7500,7602600
20150924,513.9500,518.2000,506.2000,510.0000,6911400
20150925,513.9500,513.9500,513.9500,513.9500,0
20150928,506.7000,522.0000,505.0000,514.5000,6526800
20150929,504.5000,513.5000,485.0000,499.9000,19935000
20150930,495.6500,510.0000,491.5000,508.8000,12199400
20151001,496.2500,503.4500,490.9000,500.0000,8137000
20151002,496.2500,496.2500,496.2500,496.2500,0
20151005,513.2500,514.9000,501.5500,504.5000,9558100
20151006,506.4000,518.5500,505.0000,517.3500,8226400
20151007,496.8000,509.8000,495.0000,503.2500,11251600
20151008,491.5000,500.4500,484.2000,500.0000,9941500
20151009,490.4500,499.2500,486.7500,495.0000,10368000
20151012,487.0500,497.8000,485.1000,497.8000,5566500
20151013,490.9000,492.1000,485.0000,487.0000,7268000
20151014,495.5000,496.8000,488.0500,489.7000,5645500
20151015,498.7000,502.0000,495.5500,497.0000,5251000
20151016,504.6500,507.5000,491.4000,494.5000,5875100
20151019,506.6500,508.8000,501.1500,502.0000,4242800
20151020,509.4000,513.3000,504.6000,504.6000,5729400
20151021,511.7500,514.7500,505.0000,509.3000,6245500
20151022,511.7500,511.7500,511.7500,511.7500,0
20151023,525.6500,527.5000,515.2500,515.2500,11628900
20151026,521.0500,532.7000,519.2000,528.8500,8015100
20151027,521.8000,528.5000,515.6500,517.2500,13011500
20151028,482.9000,495.7000,476.5500,495.7000,33157000
20151029,468.9500,486.4000,467.0500,485.0000,22054600
20151030,475.4000,478.4000,465.0000,472.0000,16103500
20151102,478.2500,479.8500,473.1000,477.8000,10316500
20151103,474.6500,483.5000,473.3500,481.0000,9337400
20151104,472.5000,480.1000,470.6000,480.0000,6319100
20151105,463.8000,472.0000,462.0000,472.0000,8078000
20151106,465.1500,467.5000,459.5000,462.0000,9185800
20151109,464.9500,467.0000,445.9000,453.0000,9643800
20151110,468.3500,473.5000,462.2500,463.0000,7040500
20151111,480.3500,482.4000,473.0000,474.5000,3012400
20151112,480.3500,480.3500,480.3500,480.3500,0
20151113,484.9500,487.2000,472.3000,475.4000,10014700
20151116,481.4500,485.0000,477.0000,484.0000,6488900
20151117,475.6000,485.0000,473.0500,484.7500,5944100
20151118,463.5500,476.7000,462.2000,474.7000,6081300
20151119,463.0500,468.0000,460.1000,468.0000,8717200
20151120,459.8500,465.3500,458.2500,462.9500,11446800
20151123,462.7000,464.2500,458.7000,461.0000,7774800
20151124,463.8500,466.9500,462.7000,462.8500,5388000
20151125,463.8500,463.8500,463.8500,463.8500,0
20151126,465.3000,468.5500,464.5000,465.1000,26648500
20151127,471.0000,475.4000,466.1000,467.0000,10288900
20151130,469.1500,474.4000,468.1000,469.2500,8926200
20151201,461.6000,471.3500,458.1500,471.0000,11177800
20151202,459.5000,463.4000,457.2500,462.2500,7152900
20151203,462.5000,465.3500,458.6500,460.0000,8154100
20151204,460.5000,462.8000,456.1000,459.9000,7000000
20151207,462.3000,465.5500,460.3000,462.9500,6335600
20151208,458.8000,462.9500,457.5000,460.0000,7003700
20151209,450.6000,461.1000,448.0000,457.0500,8745900
20151210,449.9500,454.6000,445.1000,452.0000,10192500
20151211,440.6500,450.8000,436.5500,449.9500,15589800
20151214,431.3500,441.4500,429.5000,432.0000,10389100
20151215,436.1000,436.9000,429.6500,432.0000,11058600
20151216,438.1500,441.9000,434.0000,437.0000,8881500
20151217,435.5500,443.6500,431.4500,442.0000,11529600
20151218,432.5500,440.8000,431.1000,434.3000,10297500
20151221,442.3500,443.2000,432.1500,432.5500,5061800
20151222,446.7000,450.6500,441.6000,442.9000,8722500
20151223,452.0000,452.7000,448.2000,450.0000,4493400
20151224,450.7500,455.2500,448.4500,452.8000,3633200
20151225,450.7500,450.7500,450.7500,450.7500,0
20151228,455.3500,456.6000,448.4000,450.0000,5914900
20151229,458.3500,459.9000,451.2000,455.4000,5987000
20151230,455.1000,460.0000,453.6000,458.0000,3766300
20151231,449.1000,456.0000,448.2000,456.0000,6329600
20160101,449.9000,452.9000,445.5500,449.7500,3345600
20160104,438.4000,448.9000,436.1500,448.9000,5862800
20160105,436.4500,439.9000,433.6000,439.9000,5579400
20160106,430.7000,439.3000,430.0000,439.3000,5756200
20160107,409.2500,425.1500,407.0000,425.0000,13787300
20160108,413.7000,418.7500,410.0000,413.5000,11307400
20160111,417.2000,423.4000,407.4000,410.0000,10352300
20160112,406.1000,420.6500,401.0000,419.8000,13070400
20160113,406.7000,411.4500,392.4500,410.0000,15873900
20160114,390.6000,402.0000,388.7500,394.8000,11776700
20160115,374.2500,395.8500,369.0000,392.4500,13178800
20160118,373.2000,383.3500,366.7500,372.2500,14117100
20160119,393.0000,396.0000,376.0000,376.0000,14215600
20160120,387.6000,393.4000,374.6500,385.6000,15605600
20160121,409.1500,412.4500,397.7000,400.0000,28200900
20160122,424.1500,427.6500,414.6000,419.4000,15009100
20160125,420.8500,429.7500,415.2000,429.7500,10252400
20160126,420.8500,420.8500,420.8500,420.8500,0
20160127,415.4000,426.5000,411.6000,424.1000,8648900
20160128,405.6500,416.9000,402.4000,416.0000,9370400
20160129,408.4000,409.8000,393.2500,396.0000,13667700
20160201,399.3000,410.3500,394.5000,410.0000,10700900
20160202,390.9000,404.4500,388.6000,399.0000,12131000
20160203,380.5500,390.0000,379.1500,387.0000,10077200
20160204,382.7500,386.6000,373.3500,385.7500,11472600
20160205,399.5500,405.0000,384.2500,384.7000,11677900
20160208,408.5500,417.9500,401.0000,401.0000,11996600
20160209,399.9000,405.9000,396.0000,401.0000,6550200
20160210,393.6000,398.0000,385.3500,397.9000,10922300
20160211,377.2000,396.7500,373.3000,392.9000,8076800
20160212,391.1000,395.9500,379.1000,389.4000,28434500
20160215,417.6500,420.0000,395.6500,395.6500,13964500
20160216,405.8000,422.5000,405.0000,420.8000,12445000
20160217,403.1000,406.9000,394.7500,406.9000,10197700
20160218,398.0500,412.1000,391.6000,410.2000,12069400
20160219,392.5000,396.9000,390.0000,395.6000,12915200
20160222,397.1500,398.7500,391.0500,395.0000,10284600
20160223,385.1500,397.9000,383.2500,397.9000,9955700
20160224,386.6500,391.0000,377.2500,385.0000,11983400
20160225,378.2000,387.8000,377.4500,386.1000,9491600
20160226,386.3500,390.3000,382.1500,385.0000,9588800
20160229,375.7500,391.6500,374.0000,387.0000,82022896
20160301,392.0000,393.2000,380.1000,380.1000,12822500
20160302,407.2500,411.8000,400.0000,400.0000,15332000
20160303,417.1500,419.0000,407.1000,411.3500,14677500
