20150206,1683.5500,1694.0000,1663.0000,1682.0000,1473700
20150209,1572.4500,1669.0000,1550.0000,1663.3000,3559800
20150210,1571.7000,1611.0000,1532.1500,1545.1000,6981300
20150211,1612.7000,1623.7000,1583.7000,1587.0000,3117000
20150212,1650.0500,1659.0000,1605.2000,1618.0000,2108100
20150213,1662.1500,1674.0000,1650.0000,1660.0000,1575700
20150216,1648.4500,1678.0000,1640.1000,1665.0000,1117600
20150217,1648.4500,1648.4500,1648.4500,1648.4500,0
20150218,1663.3500,1674.9000,1654.0000,1654.8000,1458500
20150219,1698.5500,1710.0000,1662.4000,1668.8000,1872500
20150220,1677.6000,1714.8000,1671.5000,1700.0000,3581700
20150223,1687.0000,1711.9000,1679.3500,1686.4500,2372600
20150224,1721.1000,1724.5000,1690.0500,1691.4500,2124300
20150225,1697.9000,1734.8000,1686.0000,1725.0000,1840100
20150226,1678.0500,1700.7500,1670.0000,1699.0000,1911700
20150227,1758.9500,1765.0000,1700.0000,1702.8000,4269700
20150302,1846.1000,1850.0000,1782.0000,1782.0000,4851300
20150303,1851.6500,1859.0000,1828.1000,1850.0000,2377800
20150304,1837.9000,1893.8000,1817.0000,1870.0000,3304600
20150305,1826.0500,1846.4500,1795.0000,1842.2500,1887700
20150306,1826.0500,1826.0500,1826.0500,1826.0500,0
20150309,1762.3000,1821.6000,1755.0000,1817.2000,1577600
20150310,1752.4500,1789.6000,1724.0500,1769.0000,1778900
20150311,1739.7000,1765.5000,1732.2000,1764.8500,1878300
20150312,1747.4000,1765.0000,1740.1500,1750.0000,1658900
20150313,1692.1500,1769.3500,1683.2000,1766.3000,2320000
20150316,1679.8000,1709.9000,1671.3000,1698.0000,1329900
20150317,1715.6500,1723.0000,1683.2000,1696.0000,1452000
20150318,1699.0500,1727.5000,1692.7000,1725.0500,1287300
20150319,1682.4000,1738.9500,1670.0000,1721.0500,2097300
20150320,1670.3500,1697.4500,1653.0500,1683.2000,1685600
20150323,1672.8500,1690.0000,1663.0000,1682.3000,1121500
20150324,1672.1500,1688.8000,1656.0000,1673.5500,1395800
20150325,1632.7500,1676.8500,1626.3500,1673.0000,1682800
20150326,1634.4500,1665.0000,1613.4500,1622.0000,3488100
20150327,1677.7500,1685.6000,1642.0000,1650.1000,3183200
20150330,1728.7500,1734.0000,1683.5000,1690.0000,2239300
20150331,1719.6500,1747.0000,1711.2500,1735.0500,1875700
20150401,1734.2500,1739.1000,1718.0000,1721.6500,1000200
20150402,1734.2500,1734.2500,1734.2500,1734.2500,0
20150403,1734.2500,1734.2500,1734.2500,1734.2500,0
20150406,1757.9000,1764.3000,1722.2000,1736.5500,1821300
20150407,1769.7000,1782.7000,1748.2500,1770.2500,1428300
20150408,1779.4500,1787.2500,1761.2000,1774.9000,1377900
20150409,1770.8000,1788.0000,1755.6000,1785.0000,1135200
20150410,1764.0000,1778.0000,1750.0000,1770.0000,943700
20150413,1803.5000,1807.0000,1771.2500,1780.2500,1572200
20150414,1803.5000,1803.5000,1803.5000,1803.5000,0
20150415,1787.6500,1819.9500,1767.9000,1804.0000,1520300
20150416,1754.3000,1788.0000,1740.0000,1788.0000,1501200
20150417,1739.7500,1766.4000,1730.1000,1760.1000,998600
20150420,1698.4500,1741.9000,1669.0000,1741.9000,1583500
20150421,1688.7500,1720.4000,1680.0000,1698.0000,1378100
20150422,1745.6000,1752.0000,1685.7500,1694.8000,1850700
20150423,1724.1000,1762.4000,1713.0500,1755.0000,1698100
20150424,1678.6000,1725.8000,1670.0000,1722.0000,1458100
20150427,1667.7000,1695.8500,1657.5000,1679.9500,1850000
20150428,1665.4500,1684.5000,1636.0000,1684.5000,2207200
20150429,1655.2500,1672.2500,1646.0000,1661.6000,1416700
20150430,1631.3000,1656.7000,1625.6000,1655.8000,2491600
20150501,1631.3000,1631.3000,1631.3000,1631.3000,0
20150504,1629.3000,1650.4500,1618.1000,1640.7500,1637000
20150505,1642.4000,1665.0000,1626.7500,1635.0000,1423600
20150506,1564.6500,1643.9000,1558.2000,1642.5000,3229100
20150507,1568.9000,1585.0000,1543.6000,1560.0000,2652000
20150508,1601.2500,1615.0000,1581.5500,1589.0000,2561500
20150511,1615.3000,1632.0000,1607.7500,1611.3000,2058500
20150512,1559.4000,1614.9000,1555.0000,1614.9000,2191800
20150513,1589.7000,1595.0000,1560.8000,1570.0500,1626300
20150514,1576.8500,1591.9000,1570.4000,1586.1500,1184700
20150515,1591.9500,1602.0000,1575.5000,1586.8500,1841300
20150518,1612.3500,1616.3000,1589.0000,1597.4000,1194700
20150519,1620.7000,1635.0000,1609.0000,1614.9500,1521100
20150520,1612.5500,1635.4500,1608.0000,1627.9500,961700
20150521,1638.3000,1641.0000,1609.3500,1620.0000,1634100
20150522,1653.4500,1662.0000,1632.8000,1640.0000,1765100
20150525,1630.2500,1649.8000,1625.0000,1649.8000,931600
20150526,1618.4000,1636.7000,1608.5000,1636.7000,1373000
20150527,1635.4000,1645.9000,1609.2500,1620.0000,1050300
20150528,1626.7500,1640.8500,1605.0000,1637.1000,1755400
20150529,1654.4500,1669.7500,1625.7000,1630.5000,2794300
20150601,1705.5500,1709.0000,1643.0000,1674.0000,3591200
20150602,1673.5500,1717.8000,1667.0000,1711.0000,2915700
20150603,1653.6500,1687.5500,1644.0000,1675.0000,2139900
20150604,1662.4500,1680.0000,1645.5500,1658.0000,1311400
20150605,1683.6000,1704.0000,1658.7500,1660.0000,1603200
20150608,1678.7500,1706.0000,1671.1000,1683.7000,1419600
20150609,1666.9000,1685.8000,1656.0000,1675.9500,944400
20150610,1706.0500,1717.9000,1670.0000,1671.0000,1592800
20150611,1676.1500,1724.4500,1670.2500,1714.9000,1987500
20150612,1657.4500,1683.2000,1650.0000,1674.6000,1223400
20150615,1668.4000,1694.4000,1652.0000,1665.2000,1133800
20150616,1677.4000,1685.0000,1655.8500,1670.0000,1362400
20150617,1710.8500,1722.5000,1676.0000,1686.0000,2656000
20150618,1717.1500,1729.5000,1708.7500,1715.0000,1894700
20150619,1716.1000,1742.1000,1707.2500,1725.0000,1417400
20150622,1732.5000,1739.0000,1716.5500,1725.0000,1075600
20150623,1766.5500,1772.0000,1737.5000,1741.0000,1567100
20150624,1753.2500,1774.7000,1745.0000,1768.0000,1211000
20150625,1809.7500,1817.0000,1740.1000,1740.1000,2801100
20150626,1780.7000,1804.0000,1775.0000,1803.6000,1212000
20150629,1790.5500,1795.0000,1719.0000,1747.0000,2073500
20150630,1782.8000,1808.9000,1768.0000,1785.6000,2051100
20150701,1811.7000,1819.0000,1782.9500,1782.9500,1647500
20150702,1800.3500,1818.0000,1792.0000,1812.0000,890500
20150703,1807.3000,1825.0000,1792.5000,1800.0000,1220600
20150706,1816.0500,1821.5000,1775.0000,1775.0500,1353000
20150707,1811.3500,1824.0000,1795.2000,1816.9500,1152600
20150708,1806.4500,1814.7000,1770.0000,1790.0000,1590500
20150709,1848.9000,1851.0000,1815.2500,1815.2500,1925500
20150710,1876.4000,1880.0000,1849.5500,1850.0000,1797900
20150713,1857.7000,1880.0000,1844.0000,1876.4000,1440200
20150714,1857.5500,1871.9500,1851.1000,1859.7000,1113000
20150715,1869.4000,1880.0000,1862.4500,1865.0000,1171600
20150716,1868.0500,1877.0000,1857.0000,1870.0000,1416200
20150717,1871.6000,1888.0000,1864.0500,1870.9000,1675600
20150720,1867.3000,1879.9000,1850.0000,1873.0000,1103100
20150721,1844.9500,1883.0000,1838.1000,1869.9000,870300
20150722,1854.4500,1868.0000,1831.0500,1843.6000,1095400
20150723,1831.0500,1864.5500,1823.0000,1860.0000,1340900
20150724,1802.3500,1836.9500,1797.0500,1835.0000,1324100
20150727,1743.3500,1798.0000,1737.8500,1797.1000,2371100
20150728,1758.9500,1772.0000,1743.6500,1750.0000,1237600
20150729,1790.3000,1798.4500,1750.0500,1766.8000,1125100
20150730,1773.7500,1810.0000,1768.4500,1805.0000,1747400
20150731,1791.2500,1815.8500,1766.0000,1784.5000,1921700
20150803,1779.4000,1784.0000,1704.0500,1710.0500,3302200
20150804,1774.7500,1794.8000,1759.0000,1780.0000,1403400
20150805,1779.6000,1791.9000,1769.1000,1774.7500,1034700
20150806,1830.7500,1836.8000,1775.0000,1777.1000,1873100
20150807,1833.4500,1844.0000,1816.1000,1830.0000,1578900
20150810,1820.7500,1844.2000,1806.1000,1831.5500,1444600
20150811,1801.1500,1824.9000,1782.0000,1822.2000,1105900
20150812,1762.5000,1792.7000,1752.0000,1792.5500,1652500
20150813,1760.1500,1793.9500,1748.0000,1762.5000,2417400
20150814,1799.5000,1804.7500,1750.0500,1778.7500,1303900
20150817,1780.3500,1800.0000,1765.5500,1792.9000,1005800
20150818,1800.1500,1814.9500,1783.1000,1793.2000,1382500
20150819,1814.7000,1820.0000,1786.0000,1799.9000,1084000
20150820,1781.8500,1819.0000,1764.0000,1795.0000,1355200
20150821,1740.0000,1755.0000,1725.0000,1755.0000,2058600
20150824,1631.5500,1698.0000,1605.0000,1698.0000,3206500
20150825,1624.6500,1665.5000,1575.0000,1649.9500,3624300
20150826,1593.7000,1642.5000,1584.6000,1627.9000,2276900
20150827,1620.0500,1638.0000,1590.1000,1630.0000,4324500
20150828,1616.4500,1655.0000,1605.2000,1639.9000,2371500
20150831,1602.9000,1630.0000,1599.0000,1617.0000,1697400
20150901,1560.0000,1587.0000,1538.5000,1580.0000,3192300
20150902,1527.6500,1584.0000,1519.9500,1584.0000,3104700
20150903,1568.8000,1572.0000,1537.6000,1542.3000,2340100
20150904,1533.8500,1564.7000,1520.0000,1558.9000,2175100
20150907,1509.5000,1551.0000,1504.0000,1539.5500,1221000
20150908,1564.5000,1569.0000,1490.0000,1515.0000,1848100
20150909,1592.5000,1597.5000,1560.0000,1585.5000,2313200
20150910,1615.3500,1625.0000,1555.4500,1571.4000,1960300
20150911,1602.9500,1629.6000,1592.5500,1625.0000,1580400
20150914,1605.9500,1619.0000,1588.0000,1606.6500,1042700
20150915,1558.1500,1614.4000,1550.0000,1606.0000,2781200
20150916,1548.7000,1572.6000,1535.2000,1572.0000,2516200
20150917,1548.7000,1548.7000,1548.7000,1548.7000,0
20150918,1540.6000,1584.0000,1535.0500,1561.0000,2015800
20150921,1550.2500,1557.3500,1527.5000,1530.0000,1614000
20150922,1482.2000,1561.9000,1480.2500,1560.3000,3278400
20150923,1495.3000,1504.0000,1447.2500,1473.0000,2765600
20150924,1462.4500,1487.4000,1460.0000,1487.4000,2225100
20150925,1462.4500,1462.4500,1462.4500,1462.4500,0
20150928,1430.0500,1469.0500,1425.6000,1464.0000,2494500
20150929,1446.2500,1465.0000,1412.3500,1420.0000,3051200
20150930,1466.2500,1469.0000,1446.4000,1464.8000,2191700
20151001,1490.1000,1494.6500,1462.1000,1483.0000,1804500
20151002,1490.1000,1490.1000,1490.1000,1490.1000,0
20151005,1550.6500,1554.0000,1504.1000,1504.1000,2637100
20151006,1554.8500,1563.7000,1539.5000,1563.7000,2430900
20151007,1544.7500,1555.9000,1540.0000,1550.0000,932600
20151008,1534.5000,1548.9000,1520.4500,1543.0000,1059200
20151009,1546.4000,1564.9500,1538.0000,1547.3000,1364300
20151012,1554.0000,1566.2500,1549.5000,1555.0000,792200
20151013,1545.8000,1566.7000,1532.5000,1560.0000,1209200
20151014,1540.3500,1553.9000,1535.0500,1538.9000,1129000
20151015,1560.5000,1563.5000,1545.1000,1550.1500,1256200
20151016,1604.9500,1608.9000,1552.5500,1565.5000,1720400
20151019,1580.8000,1610.0000,1575.3000,1607.9000,1262100
20151020,1573.5500,1596.8000,1568.1000,1585.7000,1462800
20151021,1550.4500,1577.5500,1546.0500,1575.9500,1390700
20151022,1550.4500,1550.4500,1550.4500,1550.4500,0
20151023,1510.3000,1569.8500,1506.2500,1562.0500,2864700
20151026,1508.4500,1530.0000,1504.0000,1520.0500,1757300
20151027,1494.7500,1523.0000,1490.1000,1505.1000,2534100
20151028,1492.7500,1499.0000,1483.0000,1489.9000,1681400
20151029,1470.7500,1495.9500,1466.6000,1495.0000,1934400
20151030,1410.7500,1497.7000,1400.0000,1473.0000,7609600
20151102,1388.6500,1404.0000,1374.2500,1400.0000,4948600
20151103,1373.3000,1396.9000,1367.6000,1396.9000,3477200
20151104,1368.1000,1388.0000,1365.0000,1388.0000,2591000
20151105,1368.9500,1379.5500,1364.0000,1370.0000,2482200
20151106,1377.2500,1386.5000,1372.1000,1373.0000,1878500
20151109,1359.0500,1364.0000,1331.1000,1350.0000,2596500
20151110,1348.4000,1367.5000,1343.0000,1355.0500,2368600
20151111,1348.4000,1348.4000,1348.4000,1348.4000,0
20151112,1348.4000,1348.4000,1348.4000,1348.4000,0
20151113,1331.2000,1359.0000,1330.0000,1359.0000,1819200
20151116,1357.1500,1362.8000,1326.0000,1329.5000,2302000
20151117,1351.7500,1372.5000,1345.0000,1368.5000,1863400
20151118,1344.4500,1369.0000,1341.0000,1354.0000,1691600
20151119,1358.9500,1365.0000,1350.1000,1358.0000,1204400
20151120,1366.8500,1373.4000,1344.5000,1362.4000,1695700
20151123,1368.9000,1383.9000,1365.0500,1370.0000,1452000
20151124,1341.5500,1368.9000,1337.5000,1363.0000,1741200
20151125,1341.5500,1341.5500,1341.5500,1341.5500,0
20151126,1332.6500,1354.3000,1330.1500,1349.7500,2717900
20151127,1365.0000,1367.5000,1336.0000,1336.4000,2308600
20151130,1374.6000,1383.9500,1364.0000,1364.8500,2408900
20151201,1364.8500,1382.9000,1360.5500,1375.0000,918000
20151202,1354.0000,1374.0000,1351.8500,1368.0000,1187400
20151203,1347.8500,1364.9000,1344.2500,1350.5000,1184100
20151204,1339.8500,1351.3000,1338.0000,1340.5500,1467400
20151207,1341.1500,1351.5000,1336.1000,1345.4500,1099300
20151208,1322.1000,1340.0000,1314.0000,1337.9500,1478500
20151209,1300.7000,1324.9500,1298.4000,1320.1000,2218400
20151210,1310.9500,1317.7500,1301.0000,1309.6000,1928800
20151211,1285.7500,1313.7500,1276.5500,1311.1000,2742600
20151214,1274.4000,1292.3500,1264.5000,1284.4000,2673500
20151215,1283.2000,1289.3000,1265.1000,1275.0000,2222100
20151216,1280.9000,1299.0000,1276.0000,1290.7500,2234000
20151217,1296.2000,1299.7000,1281.5500,1289.0000,2509500
20151218,1287.4000,1308.6000,1284.1000,1291.8500,2623300
20151221,1290.3000,1297.7000,1284.5000,1286.4500,1173400
20151222,1280.2000,1296.9000,1276.0000,1291.0000,1748300
20151223,1291.0000,1299.0000,1283.0000,1288.0000,1613400
20151224,1294.5000,1301.5000,1286.3000,1296.8000,1484900
20151225,1294.5000,1294.5000,1294.5000,1294.5000,0
20151228,1295.1500,1300.2000,1288.1500,1297.1500,1571800
20151229,1289.5500,1301.0000,1285.3000,1300.0000,1520000
20151230,1283.5000,1298.0000,1281.5000,1293.5000,1207800
20151231,1275.4500,1286.5500,1272.1500,1286.0000,1549900
20160101,1289.2000,1291.0000,1272.5500,1279.0000,751800
20160104,1255.9500,1289.9500,1253.3000,1286.0000,1844800
20160105,1256.9000,1269.0000,1252.5000,1262.8000,1646700
20160106,1236.8500,1259.8000,1235.0000,1259.0000,1819000
20160107,1206.4000,1228.3500,1200.0000,1228.1500,3126500
20160108,1179.1000,1216.9000,1175.0000,1215.1000,3570600
20160111,1173.3500,1184.9000,1145.0500,1162.0000,2869500
20160112,1179.1500,1200.0000,1173.2500,1186.3500,2730100
20160113,1156.7500,1194.0000,1128.1000,1194.0000,3746600
20160114,1134.6500,1155.0000,1110.1000,1134.4000,3399800
20160115,1107.9000,1141.5000,1100.0000,1139.9000,2658500
20160118,1083.5500,1110.0000,1074.0000,1106.0000,2777700
20160119,1122.9500,1132.5000,1069.1000,1084.3000,2915000
20160120,1116.1000,1122.5000,1077.3500,1100.9500,3904500
20160121,1102.7000,1137.6000,1091.1000,1130.0000,2534700
20160122,1142.2000,1145.0000,1110.3000,1115.9000,2463200
20160125,1114.1500,1157.8500,1108.9000,1151.0000,1648500
20160126,1114.1500,1114.1500,1114.1500,1114.1500,0
20160127,1107.8000,1122.0000,1097.6500,1122.0000,1745400
20160128,1074.5000,1103.5000,1070.0000,1101.0000,3863100
20160129,1101.6500,1109.0000,1070.2000,1074.0000,3232600
20160201,1122.0500,1158.9500,1110.1000,1125.0000,4702600
20160202,1121.9000,1145.0000,1111.0000,1124.0000,3003700
20160203,1108.8000,1120.0000,1092.3000,1106.8000,2487700
20160204,1135.7000,1149.8500,1118.2000,1119.0000,3971000
20160205,1139.9000,1152.0000,1126.5500,1141.8000,2667200
